pdb	Hchain	Lchain	model	antigen_chain	antigen_type	antigen_het_name	antigen_name	short_header	date	compound	organism	heavy_species	light_species	antigen_species	authors	resolution	method	r_free	r_factor	scfv	engineered	heavy_subclass	light_subclass	light_ctype	affinity	delta_g	affinity_method	temperature	pmid
8ezl	H	H	0	A	protein	NA	25 kda ookinete surface antigen	IMMUNE SYSTEM	08/16/23	Pfs25 in complex with transmission-reducing antibody AS01-50	Plasmodium falciparum NF54	plasmodium falciparum nf54		plasmodium falciparum nf54	Shukla, N., Tang, W.K., Tolia, N.H.	2.3	X-RAY DIFFRACTION	0.255	0.216	True	True	unknown	unknown	unknown	None	None	None	None	None
4dqo	H	L	0	C	protein	NA	1fd6-v1v2 scaffold zm109 hiv-1 strain	IMMUNE SYSTEM	02/16/12	Crystal Structure of PG16 Fab in Complex with V1V2 Region from HIV-1 strain ZM109	HOMO SAPIENS; HUMAN IMMUNODEFICIENCY VIRUS 1	homo sapiens	homo sapiens	human immunodeficiency virus 1	Pancera, M., McLellan, J.S., Kwong, P.D.	2.438	X-RAY DIFFRACTION	0.230	0.201	False	True	IGHV3	IGLV2	Lambda	None	None	None	None	None
4fp8	I	M	0	B	protein	NA	hemagglutinin ha1 chain	VIRAL PROTEIN/IMMUNE SYSTEM	06/21/12	Crystal structure of broadly neutralizing antibody C05 bound to H3 influenza hemagglutinin, HA1 subunit	INFLUENZA A VIRUS; HOMO SAPIENS	homo sapiens	homo sapiens	influenza a virus	Ekiert, D.C., Wilson, I.A.	2.947	X-RAY DIFFRACTION	0.241	0.212	False	True	IGHV3	IGKV1	Kappa	None	None	None	None	None
4fp8	H	L	0	A	protein	NA	hemagglutinin ha1 chain	VIRAL PROTEIN/IMMUNE SYSTEM	06/21/12	Crystal structure of broadly neutralizing antibody C05 bound to H3 influenza hemagglutinin, HA1 subunit	INFLUENZA A VIRUS; HOMO SAPIENS	homo sapiens	homo sapiens	influenza a virus	Ekiert, D.C., Wilson, I.A.	2.947	X-RAY DIFFRACTION	0.241	0.212	False	True	IGHV3	IGKV1	Kappa	None	None	None	None	None
4fp8	K	O	0	D	protein	NA	hemagglutinin ha1 chain	VIRAL PROTEIN/IMMUNE SYSTEM	06/21/12	Crystal structure of broadly neutralizing antibody C05 bound to H3 influenza hemagglutinin, HA1 subunit	INFLUENZA A VIRUS; HOMO SAPIENS	homo sapiens	homo sapiens	influenza a virus	Ekiert, D.C., Wilson, I.A.	2.947	X-RAY DIFFRACTION	0.241	0.212	False	True	IGHV3	IGKV1	Kappa	None	None	None	None	None
4fp8	J	N	0	C	protein	NA	hemagglutinin ha1 chain	VIRAL PROTEIN/IMMUNE SYSTEM	06/21/12	Crystal structure of broadly neutralizing antibody C05 bound to H3 influenza hemagglutinin, HA1 subunit	INFLUENZA A VIRUS; HOMO SAPIENS	homo sapiens	homo sapiens	influenza a virus	Ekiert, D.C., Wilson, I.A.	2.947	X-RAY DIFFRACTION	0.241	0.212	False	True	IGHV3	IGKV1	Kappa	None	None	None	None	None
6jep	H	L	0	E	protein	NA	genome polyprotein	ANTIVIRAL PROTEIN	02/07/19	Structure of a neutralizing antibody bound to the Zika envelope protein domain III	HOMO SAPIENS; ZIKA VIRUS	homo sapiens	homo sapiens	zika virus	Wang, L., Wang, R.K., Wang, L., Ben, H.J., Yu, L., Gao, F., Shi, X.L., Yin, C.B., Zhang, F.C., Xiang, Y., Zhang, L.Q.	2.316	X-RAY DIFFRACTION	0.219	0.166	False	True	IGHV1	IGLV1	Lambda	None	None	None	None	None
6jep	K	I	0	F	protein	NA	genome polyprotein	ANTIVIRAL PROTEIN	02/07/19	Structure of a neutralizing antibody bound to the Zika envelope protein domain III	HOMO SAPIENS; ZIKA VIRUS	homo sapiens	homo sapiens	zika virus	Wang, L., Wang, R.K., Wang, L., Ben, H.J., Yu, L., Gao, F., Shi, X.L., Yin, C.B., Zhang, F.C., Xiang, Y., Zhang, L.Q.	2.316	X-RAY DIFFRACTION	0.219	0.166	False	True	IGHV1	IGLV1	Lambda	None	None	None	None	None
8eee	H	L	0	E	protein	NA	envelope protein e	VIRAL PROTEIN/IMMUNE SYSTEM	08/30/23	Crystal structure of a NHP anti-ZIKV neutralizing antibody rhMZ104-d in complex with ZIKV E glycoprotein	Macaca mulatta; Zika virus ZIKV/H. sapiens/FrenchPolynesia/10087PF/2013	macaca mulatta	macaca mulatta	zika virus zikv/h.sapiens/frenchpolynesia/10087pf/2013 	Sankhala, R.S., Joyce, M.G.	2.819	X-RAY DIFFRACTION	0.275	0.217	False	True	IGHV3	IGLV11	Lambda	None	None	None	None	None
8eee	A	B	0	Z	protein	NA	envelope protein e	VIRAL PROTEIN/IMMUNE SYSTEM	08/30/23	Crystal structure of a NHP anti-ZIKV neutralizing antibody rhMZ104-d in complex with ZIKV E glycoprotein	Macaca mulatta; Zika virus ZIKV/H. sapiens/FrenchPolynesia/10087PF/2013	macaca mulatta	macaca mulatta	zika virus zikv/h.sapiens/frenchpolynesia/10087pf/2013 	Sankhala, R.S., Joyce, M.G.	2.819	X-RAY DIFFRACTION	0.275	0.217	False	True	IGHV3	IGLV11	Lambda	None	None	None	None	None
7n4j	H	L	0	A	protein	NA	spike protein s1	VIRAL PROTEIN/IMMUNE SYSTEM	06/04/21	Crystal structure of SARS-CoV-2 receptor binding domain in complex with neutralizing human antibody WRAIR-2173.	SEVERE ACUTE RESPIRATORY SYNDROME CORONAVIRUS 2; HOMO SAPIENS	homo sapiens	homo sapiens	severe acute respiratory syndrome coronavirus2 	Sankhala, R.S., Joyce, M.G.	2.207	X-RAY DIFFRACTION	0.207	0.172	False	True	IGHV4	IGLV1	Lambda	None	None	None	None	None
7u8e	H	L	0	A	protein	NA	spike protein s1	VIRAL PROTEIN/IMMUNE SYSTEM	03/15/23	Crystal structure of antibody Ab246 in complex with SARS-CoV-2 receptor binding domain	Homo sapiens; Severe acute respiratory syndrome coronavirus 2	homo sapiens	homo sapiens	severe acute respiratory syndrome coronavirus2 	Sankhala, R.S., Joyce, M.G.	2.29	X-RAY DIFFRACTION	0.248	0.204	False	True	IGHV4	IGLV5	Lambda	None	None	None	None	None
6mtn	H	L	0	G	protein	NA	envelope glycoprotein gp160	IMMUNE SYSTEM/INHIBITOR	10/20/18	Crystal Structure of HIV-1 BG505 SOSIP.664 Prefusion Env Trimer Bound to Small Molecule HIV-1 Entry Inhibitor Compound 484 in Complex with Human Antibodies 3H109L and 35O22 at 3.0 Angstrom	HUMAN IMMUNODEFICIENCY VIRUS 1; HOMO SAPIENS	homo sapiens	homo sapiens	human immunodeficiency virus 1	Lai, Y.-T., Kwong, P.D.	2.5	X-RAY DIFFRACTION	0.263	0.223	False	True	IGHV4	unknown	unknown	None	None	None	None	None
6mtn	D	E	0	B	protein	NA	envelope glycoprotein gp160	IMMUNE SYSTEM/INHIBITOR	10/20/18	Crystal Structure of HIV-1 BG505 SOSIP.664 Prefusion Env Trimer Bound to Small Molecule HIV-1 Entry Inhibitor Compound 484 in Complex with Human Antibodies 3H109L and 35O22 at 3.0 Angstrom	HUMAN IMMUNODEFICIENCY VIRUS 1; HOMO SAPIENS	homo sapiens	homo sapiens	human immunodeficiency virus 1	Lai, Y.-T., Kwong, P.D.	2.5	X-RAY DIFFRACTION	0.263	0.223	False	True	unknown	unknown	unknown	None	None	None	None	None
8v2e	A	B	0	C	protein	NA	10e8 epitope scaffold b055	IMMUNE SYSTEM	06/12/24	Crystal structure of B055 scaffold boost immunogen in complex with a mature 10E8 Fab	Homo sapiens; synthetic construct	homo sapiens	homo sapiens	synthetic construct	Cho, S.Y., Wilson, I.A.	2.62	X-RAY DIFFRACTION	0.276	0.228	False	True	IGHV3	IGLV3	Lambda	None	None	None	None	None
8v2e	D	E	0	F	protein	NA	10e8 epitope scaffold b055	IMMUNE SYSTEM	06/12/24	Crystal structure of B055 scaffold boost immunogen in complex with a mature 10E8 Fab	Homo sapiens; synthetic construct	homo sapiens	homo sapiens	synthetic construct	Cho, S.Y., Wilson, I.A.	2.62	X-RAY DIFFRACTION	0.276	0.228	False	True	IGHV3	IGLV3	Lambda	None	None	None	None	None
4p9h	H	L	0	G	protein	NA	envelope glycoprotein gp160	VIRAL PROTEIN/IMMUNE SYSTEM	04/04/14	Crystal structure of 8ANC195 Fab in complex with gp120 of 93TH057 HIV-1 and soluble CD4 D1D2	HOMO SAPIENS; HUMAN IMMUNODEFICIENCY VIRUS 1	homo sapiens	homo sapiens	human immunodeficiency virus 1	Scharf, L., Bjorkman, P.J.	3.0	X-RAY DIFFRACTION	0.272	0.235	False	True	unknown	IGKV1	Kappa	None	None	None	None	None
8szy	A	B	0	T	protein	NA	t-cell immunoreceptor with ig and itim domains	IMMUNE SYSTEM,PROTEIN BINDING	09/20/23	Crystal Structure of Heterotrimeric Anti-TIGIT Fabs in complex with human TIGIT	Homo sapiens	homo sapiens	homo sapiens	homo sapiens	Diong, S.J., Lee, P.S.	2.31	X-RAY DIFFRACTION	0.269	0.227	False	True	IGHV1	IGKV1	Kappa	None	None	None	None	None
8szy	H	L	0	T	protein	NA	t-cell immunoreceptor with ig and itim domains	IMMUNE SYSTEM,PROTEIN BINDING	09/20/23	Crystal Structure of Heterotrimeric Anti-TIGIT Fabs in complex with human TIGIT	Homo sapiens	homo sapiens	homo sapiens	homo sapiens	Diong, S.J., Lee, P.S.	2.31	X-RAY DIFFRACTION	0.269	0.227	False	True	IGHV4	IGKV3	Kappa	None	None	None	None	None
8szy	C	D	0	U	protein	NA	t-cell immunoreceptor with ig and itim domains	IMMUNE SYSTEM,PROTEIN BINDING	09/20/23	Crystal Structure of Heterotrimeric Anti-TIGIT Fabs in complex with human TIGIT	Homo sapiens	homo sapiens	homo sapiens	homo sapiens	Diong, S.J., Lee, P.S.	2.31	X-RAY DIFFRACTION	0.269	0.227	False	True	IGHV1	IGKV1	Kappa	None	None	None	None	None
8szy	I	M	0	U	protein	NA	t-cell immunoreceptor with ig and itim domains	IMMUNE SYSTEM,PROTEIN BINDING	09/20/23	Crystal Structure of Heterotrimeric Anti-TIGIT Fabs in complex with human TIGIT	Homo sapiens	homo sapiens	homo sapiens	homo sapiens	Diong, S.J., Lee, P.S.	2.31	X-RAY DIFFRACTION	0.269	0.227	False	True	IGHV4	IGKV3	Kappa	None	None	None	None	None
6q18	H	L	0	A	protein	NA	hemagglutinin	IMMUNE SYSTEM	08/03/19	Human antibody H1244 in complex with the influenza hemagglutinin head domain of A/Beijing/262/95(H1N1)	INFLUENZA A VIRUS (A/BEIJING/262/1995(H1N1)); HOMO SAPIENS	homo sapiens	homo sapiens	influenza a virus (a/beijing/262/1995(h1n1))	McCarthy, K.R., Harrison, S.C.	2.55	X-RAY DIFFRACTION	0.243	0.206	False	True	IGHV4	IGLV3	Lambda	None	None	None	None	None
6oor	H	L	0	A	protein	NA	antigen-presenting glycoprotein cd1d1	IMMUNE SYSTEM	04/23/19	Structure of 1B1 bound to mouse CD1d	MUS MUSCULUS; RATTUS NORVEGICUS	rattus norvegicus	rattus norvegicus	mus musculus	Ying, G., Zajonc, D.M.	2.45	X-RAY DIFFRACTION	0.244	0.208	False	True	IGHV5	IGKV9	Kappa	None	None	None	None	None
4ye4	H	L	0	G	protein	NA	ht593.1 gp120	Viral protein/Immune system	02/23/15	Crystal Structure of Neutralizing Antibody HJ16 in Complex with HIV-1 gp120	HUMAN IMMUNODEFICIENCY VIRUS; HOMO SAPIENS	homo sapiens	homo sapiens	human immunodeficiency virus	Kwong, P.D., Chen, L., Zhou, T.	2.72	X-RAY DIFFRACTION	0.242	0.187	False	True	IGHV3	IGKV4	Kappa	None	None	None	None	None
7cm4	H	L	0	A	protein	NA	spike glycoprotein	VIRAL PROTEIN	07/24/20	Crystal Structure of COVID-19 virus spike receptor-binding domain complexed with a neutralizing antibody CT-P59	SEVERE ACUTE RESPIRATORY SYNDROME CORONAVIRUS 2; HOMO SAPIENS	homo sapiens	homo sapiens	severe acute respiratory syndrome coronavirus2 	Kim, Y.G., Jeong, J.H., Bae, J.S., Lee, J.H.	2.71	X-RAY DIFFRACTION	0.242	0.217	False	True	IGHV2	IGLV1	Lambda	None	None	None	None	None
5uem	H	L	0	G	protein	NA	clade a/e 93th057 hiv-1 gp120 core	IMMUNE SYSTEM	01/02/17	Crystal structure of 354NC37 Fab in complex with HIV-1 clade AE strain 93TH057 gp120	HUMAN IMMUNODEFICIENCY VIRUS 1; HOMO SAPIENS	homo sapiens	homo sapiens	human immunodeficiency virus 1	Sievers, S.A., Gristick, H.B., Bjorkman, P.J.	2.7	X-RAY DIFFRACTION	0.266	0.220	False	True	unknown	IGKV3	Kappa	None	None	None	None	None
6wmw	H	L	0	B	protein	NA	gdnf family receptor alpha-like	IMMUNE SYSTEM	04/21/20	GFRAL receptor bound with two antibody Fabs (3P10, 25M22)	HOMO SAPIENS	homo sapiens	homo sapiens	homo sapiens	White, A., Lakshminarasimhan, D., Olland, A., Suto, R.K.	2.91	X-RAY DIFFRACTION	0.290	0.222	False	True	IGHV9	IGKV3	Kappa	None	None	None	None	None
6wmw	M	N	0	B	protein	NA	gdnf family receptor alpha-like	IMMUNE SYSTEM	04/21/20	GFRAL receptor bound with two antibody Fabs (3P10, 25M22)	HOMO SAPIENS	homo sapiens	homo sapiens	homo sapiens	White, A., Lakshminarasimhan, D., Olland, A., Suto, R.K.	2.91	X-RAY DIFFRACTION	0.290	0.222	False	True	IGHV1	IGKV1	Kappa	None	None	None	None	None
7trh	H	B	0	G	protein	NA	hemagglutinin	IMMUNE SYSTEM/VIRAL PROTEIN	08/02/23	Human antibody K03.28 in complex with the influenza hemagglutinin head domain of A/California/07/2009(H1N1)(X-181)	Homo sapiens; Influenza A virus	homo sapiens	homo sapiens	influenza a virus	McCarthy, K.R.	3	X-RAY DIFFRACTION	0.242	0.202	False	True	IGHV3	IGLV3	Lambda	None	None	None	None	None
7ox1	A	B	0	G	protein	NA	interleukin-9	CYTOKINE	12/28/22	Fab 7D6: hIL-9 complex	Homo sapiens	homo sapiens	homo sapiens	homo sapiens	De Vos, T., Savvides, S.N.	2.49	X-RAY DIFFRACTION	0.262	0.209	False	True	IGHV4	IGLV8	Lambda	None	None	None	None	None
7ox1	C	D	0	Z	protein	NA	interleukin-9	CYTOKINE	12/28/22	Fab 7D6: hIL-9 complex	Homo sapiens	homo sapiens	homo sapiens	homo sapiens	De Vos, T., Savvides, S.N.	2.49	X-RAY DIFFRACTION	0.262	0.209	False	True	IGHV4	IGLV8	Lambda	None	None	None	None	None
7ox1	E	F	0	Y	protein	NA	interleukin-9	CYTOKINE	12/28/22	Fab 7D6: hIL-9 complex	Homo sapiens	homo sapiens	homo sapiens	homo sapiens	De Vos, T., Savvides, S.N.	2.49	X-RAY DIFFRACTION	0.262	0.209	False	True	IGHV4	IGLV8	Lambda	None	None	None	None	None
7ox1	H	L	0	X	protein	NA	interleukin-9	CYTOKINE	12/28/22	Fab 7D6: hIL-9 complex	Homo sapiens	homo sapiens	homo sapiens	homo sapiens	De Vos, T., Savvides, S.N.	2.49	X-RAY DIFFRACTION	0.262	0.209	False	True	IGHV4	IGLV8	Lambda	None	None	None	None	None
6iek	B	C	0	A	protein	NA	nsmgngc	STRUCTURAL PROTEIN/IMMUNE SYSTEM	09/14/18	Structure of RVFV Gn and human monoclonal antibody R12	RIFT VALLEY FEVER VIRUS; HOMO SAPIENS	homo sapiens	homo sapiens	rift valley fever virus	Wang, Q.H., Wu, Y., Gao, F., Qi, J.X., Gao, G.F.	2.7	X-RAY DIFFRACTION	0.258	0.225	False	True	IGHV1	IGLV5	Lambda	None	None	None	None	None
6iek	E	F	0	D	protein	NA	nsmgngc	STRUCTURAL PROTEIN/IMMUNE SYSTEM	09/14/18	Structure of RVFV Gn and human monoclonal antibody R12	RIFT VALLEY FEVER VIRUS; HOMO SAPIENS	homo sapiens	homo sapiens	rift valley fever virus	Wang, Q.H., Wu, Y., Gao, F., Qi, J.X., Gao, G.F.	2.7	X-RAY DIFFRACTION	0.258	0.225	False	True	IGHV1	IGLV5	Lambda	None	None	None	None	None
5x2o	H	L	0	A	protein	NA	taste receptor, type 1, member 2a	SIGNALING PROTEIN/IMMUNE SYSTEM	02/02/17	Crystal structure of the medaka fish taste receptor T1r2a-T1r3 ligand binding domains in complex with L-arginine	ORYZIAS LATIPES; MUS MUSCULUS	mus musculus	mus musculus	oryzias latipes	Nuemket, N., Yasui, N., Atsumi, N., Yamashita, A.	2.6	X-RAY DIFFRACTION	0.272	0.185	False	True	IGHV1	IGKV3	Kappa	None	None	None	None	None
4ydk	H	L	0	G	protein	NA	envelope glycoprotein gp160,envelope glycoprotein gp160	IMMUNE SYSTEM	02/22/15	Crystal structure of broadly and potently neutralizing antibody C38-VRC16.01 in complex with HIV-1 clade AE strain 93TH057 gp120	HUMAN IMMUNODEFICIENCY VIRUS 1; HOMO SAPIENS	homo sapiens	homo sapiens	human immunodeficiency virus 1	Zhou, T., Moquin, S., Zheng, A., Kwong, P.D.	2.051	X-RAY DIFFRACTION	0.206	0.166	False	True	IGHV3	IGKV1	Kappa	None	None	None	None	None
4ydj	A	B	0	I	protein	NA	envelope glycoprotein gp160,envelope glycoprotein gp160	IMMUNE SYSTEM	02/22/15	Crystal structure of broadly and potently neutralizing antibody 44-VRC13.01 in complex with HIV-1 clade AE strain 93TH057 gp120	HUMAN IMMUNODEFICIENCY VIRUS 1; HOMO SAPIENS	homo sapiens	homo sapiens	human immunodeficiency virus 1	Zhou, T., Moquin, S., Kwong, P.D.	2.308	X-RAY DIFFRACTION	0.250	0.223	False	True	IGHV1	IGLV2	Lambda	None	None	None	None	None
4ydj	H	L	0	G	protein	NA	envelope glycoprotein gp160,envelope glycoprotein gp160	IMMUNE SYSTEM	02/22/15	Crystal structure of broadly and potently neutralizing antibody 44-VRC13.01 in complex with HIV-1 clade AE strain 93TH057 gp120	HUMAN IMMUNODEFICIENCY VIRUS 1; HOMO SAPIENS	homo sapiens	homo sapiens	human immunodeficiency virus 1	Zhou, T., Moquin, S., Kwong, P.D.	2.308	X-RAY DIFFRACTION	0.250	0.223	False	True	IGHV1	IGLV2	Lambda	None	None	None	None	None
4xmp	H	L	0	G	protein	NA	envelope glycoprotein gp160,envelope glycoprotein gp160,envelope glycoprotein gp160 	IMMUNE SYSTEM	01/15/15	Crystal structure of broadly and potently neutralizing antibody VRC08 in complex with HIV-1 clade A strain Q842.d12 gp120	HUMAN IMMUNODEFICIENCY VIRUS 1; HOMO SAPIENS	homo sapiens	homo sapiens	human immunodeficiency virus 1	Zhou, T., Srivatsan, S., Kwong, P.D.	1.7831	X-RAY DIFFRACTION	0.201	0.165	False	True	unknown	unknown	unknown	None	None	None	None	None
6nnj	U	V	0	G	protein	NA	envelope glycoprotein gp120	IMMUNE SYSTEM	01/15/19	Crystal Structure of HIV-1 BG505 SOSIP.664 Prefusion Env Trimer Bound to CH31 scFv in Complex with Crystallization Chaperones 3H109L Fab and 35O22 scFv at 3.1 Angstrom	HUMAN IMMUNODEFICIENCY VIRUS 1; HOMO SAPIENS	homo sapiens	homo sapiens	human immunodeficiency virus 1	Lai, Y.-T., Kwong, P.D.	2.6	X-RAY DIFFRACTION	0.293	0.248	False	True	unknown	unknown	unknown	None	None	None	None	None
6nnj	H	L	0	G	protein	NA	envelope glycoprotein gp120	IMMUNE SYSTEM	01/15/19	Crystal Structure of HIV-1 BG505 SOSIP.664 Prefusion Env Trimer Bound to CH31 scFv in Complex with Crystallization Chaperones 3H109L Fab and 35O22 scFv at 3.1 Angstrom	HUMAN IMMUNODEFICIENCY VIRUS 1; HOMO SAPIENS	homo sapiens	homo sapiens	human immunodeficiency virus 1	Lai, Y.-T., Kwong, P.D.	2.6	X-RAY DIFFRACTION	0.293	0.248	False	True	IGHV4	unknown	unknown	None	None	None	None	None
6nnj	D	E	0	B	protein	NA	envelope glycoprotein gp41	IMMUNE SYSTEM	01/15/19	Crystal Structure of HIV-1 BG505 SOSIP.664 Prefusion Env Trimer Bound to CH31 scFv in Complex with Crystallization Chaperones 3H109L Fab and 35O22 scFv at 3.1 Angstrom	HUMAN IMMUNODEFICIENCY VIRUS 1; HOMO SAPIENS	homo sapiens	homo sapiens	human immunodeficiency virus 1	Lai, Y.-T., Kwong, P.D.	2.6	X-RAY DIFFRACTION	0.293	0.248	False	True	unknown	unknown	unknown	None	None	None	None	None
5e8e	B	A	0	H	protein	NA	thrombin heavy chain	IMMUNE SYSTEM/HYDROLASE	10/14/15	Crystal structure of thrombin bound to an exosite 1-specific IgA Fab	HOMO SAPIENS	homo sapiens	homo sapiens	homo sapiens	Baglin, T.P., Langdown, J., Frasson, R., Huntington, J.A.	1.9	X-RAY DIFFRACTION	0.244	0.201	False	False	IGHV1	IGKV3	Kappa	None	None	None	None	None
4cad	E	D	0	F	protein	NA	ras and a-factor converting enzyme 1, rce1	PROTEIN BINDING	10/08/13	Mechanism of farnesylated CAAX protein processing by the integral  membrane protease Rce1	METHANOCOCCUS MARIPALUDIS; MUS MUSCULUS	mus musculus	mus musculus	methanococcus maripaludis	Kulkarni, K., Manolaridis, I., Dodd, R.B., Cronin, N., Ogasawara, S., Iwata, S., Barford, D.	2.5	X-RAY DIFFRACTION	0.2669	0.2262	False	False	IGHV1	IGKV12	Kappa	None	None	None	None	None
4cad	K	J	0	L	protein	NA	ras and a-factor converting enzyme 1, rce1	PROTEIN BINDING	10/08/13	Mechanism of farnesylated CAAX protein processing by the integral  membrane protease Rce1	METHANOCOCCUS MARIPALUDIS; MUS MUSCULUS	mus musculus	mus musculus	methanococcus maripaludis	Kulkarni, K., Manolaridis, I., Dodd, R.B., Cronin, N., Ogasawara, S., Iwata, S., Barford, D.	2.5	X-RAY DIFFRACTION	0.2669	0.2262	False	False	IGHV1	IGKV12	Kappa	None	None	None	None	None
4cad	H	G	0	I	protein	NA	ras and a-factor converting enzyme 1, rce1	PROTEIN BINDING	10/08/13	Mechanism of farnesylated CAAX protein processing by the integral  membrane protease Rce1	METHANOCOCCUS MARIPALUDIS; MUS MUSCULUS	mus musculus	mus musculus	methanococcus maripaludis	Kulkarni, K., Manolaridis, I., Dodd, R.B., Cronin, N., Ogasawara, S., Iwata, S., Barford, D.	2.5	X-RAY DIFFRACTION	0.2669	0.2262	False	False	IGHV1	IGKV12	Kappa	None	None	None	None	None
4cad	B	A	0	C	protein	NA	ras and a-factor converting enzyme 1, rce1	PROTEIN BINDING	10/08/13	Mechanism of farnesylated CAAX protein processing by the integral  membrane protease Rce1	METHANOCOCCUS MARIPALUDIS; MUS MUSCULUS	mus musculus	mus musculus	methanococcus maripaludis	Kulkarni, K., Manolaridis, I., Dodd, R.B., Cronin, N., Ogasawara, S., Iwata, S., Barford, D.	2.5	X-RAY DIFFRACTION	0.2669	0.2262	False	False	IGHV1	IGKV12	Kappa	None	None	None	None	None
7qu2	A	B	0	C	protein	NA	glycoprotein g1	IMMUNE SYSTEM	01/17/22	Junin virus GP1 glycoprotein in complex with Fab fragment of antibody JUN1	MUS MUSCULUS; ARGENTINIAN MAMMARENAVIRUS	mus musculus	mus musculus	argentinian mammarenavirus	Ng, W.M., Sahin, M., Krumm, S.A., Seow, J., Zeltina, A., Harlos, K., Paesen, G., Pinschewer, D.D., Doores, K.J., Bowden, T.A.	2.5	X-RAY DIFFRACTION	0.254	0.223	False	True	IGHV13	IGKV6	Kappa	None	None	None	None	None
6nm6	D	E	0	B	protein	NA	envelope glycoprotein gp41	IMMUNE SYSTEM	01/10/19	Crystal Structure of HIV-1 BG505 SOSIP.664 Prefusion Env Trimer Bound to N6 FR3-03 scFv in Complex with Crystallization Chaperones 3H109L Fab and 35O22 scFv at 3.2 Angstrom	HUMAN IMMUNODEFICIENCY VIRUS 1; HOMO SAPIENS	homo sapiens	homo sapiens	human immunodeficiency virus 1	Lai, Y.-T., Kwong, P.D.	2.739	X-RAY DIFFRACTION	0.288	0.240	False	True	unknown	unknown	unknown	None	None	None	None	None
6nm6	H	L	0	G	protein	NA	envelope glycoprotein gp120	IMMUNE SYSTEM	01/10/19	Crystal Structure of HIV-1 BG505 SOSIP.664 Prefusion Env Trimer Bound to N6 FR3-03 scFv in Complex with Crystallization Chaperones 3H109L Fab and 35O22 scFv at 3.2 Angstrom	HUMAN IMMUNODEFICIENCY VIRUS 1; HOMO SAPIENS	homo sapiens	homo sapiens	human immunodeficiency virus 1	Lai, Y.-T., Kwong, P.D.	2.739	X-RAY DIFFRACTION	0.288	0.240	False	True	IGHV4	unknown	unknown	None	None	None	None	None
6nm6	U	V	0	G	protein	NA	envelope glycoprotein gp120	IMMUNE SYSTEM	01/10/19	Crystal Structure of HIV-1 BG505 SOSIP.664 Prefusion Env Trimer Bound to N6 FR3-03 scFv in Complex with Crystallization Chaperones 3H109L Fab and 35O22 scFv at 3.2 Angstrom	HUMAN IMMUNODEFICIENCY VIRUS 1; HOMO SAPIENS	homo sapiens	homo sapiens	human immunodeficiency virus 1	Lai, Y.-T., Kwong, P.D.	2.739	X-RAY DIFFRACTION	0.288	0.240	False	True	unknown	unknown	unknown	None	None	None	None	None
4jb9	H	L	0	G	protein	NA	clade a/e 93th057 hiv-1 gp120 core	viral protein/immune system	02/19/13	Crystal structure of antibody VRC06 in complex with HIV-1 gp120 core	HUMAN IMMUNODEFICIENCY VIRUS 1; HOMO SAPIENS	homo sapiens	homo sapiens	human immunodeficiency virus 1	Kwon, Y.D., Zhou, T., Srivatsan, S., Kwong, P.D.	2.6	X-RAY DIFFRACTION	0.287	0.247	False	True	IGHV1	IGKV3	Kappa	None	None	None	None	None
3rkd	D	C	0	B	protein	NA	capsid protein	VIRAL PROTEIN/IMMUNE SYSTEM	04/18/11	Hepatitis E Virus E2s domain (Genotype I) in complex with a neutralizing antibody	HEPATITIS E VIRUS; MUS MUSCULUS	mus musculus	mus musculus	hepatitis e virus	Tang, X.H., Sivaraman, J.	1.9	X-RAY DIFFRACTION	0.217	0.189	False	False	IGHV8	IGKV12	Kappa	5.89E-09	-11.22	SPR	NA	21642534
3rkd	H	L	0	A	protein	NA	capsid protein	VIRAL PROTEIN/IMMUNE SYSTEM	04/18/11	Hepatitis E Virus E2s domain (Genotype I) in complex with a neutralizing antibody	HEPATITIS E VIRUS; MUS MUSCULUS	mus musculus	mus musculus	hepatitis e virus	Tang, X.H., Sivaraman, J.	1.9	X-RAY DIFFRACTION	0.217	0.189	False	False	IGHV8	IGKV12	Kappa	5.89E-09	-11.22	SPR	NA	21642534
6wh9	E	F	0	D	protein	NA	kr1	OXIDOREDUCTASE/IMMUNE SYSTEM	04/07/20	Ketoreductase from module 1 of the 6-deoxyerythronolide B synthase (KR1) in complex with antibody fragment (Fab) 1D10	SACCHAROPOLYSPORA ERYTHRAEA; HOMO SAPIENS	homo sapiens	homo sapiens	saccharopolyspora erythraea	Cogan, D.P., Mathews, I.I., Khosla, C.	2.75	X-RAY DIFFRACTION	0.271	0.228	False	True	IGHV1	IGLV7	Lambda	None	None	None	None	None
6wh9	H	I	0	A	protein	NA	kr1	OXIDOREDUCTASE/IMMUNE SYSTEM	04/07/20	Ketoreductase from module 1 of the 6-deoxyerythronolide B synthase (KR1) in complex with antibody fragment (Fab) 1D10	SACCHAROPOLYSPORA ERYTHRAEA; HOMO SAPIENS	homo sapiens	homo sapiens	saccharopolyspora erythraea	Cogan, D.P., Mathews, I.I., Khosla, C.	2.75	X-RAY DIFFRACTION	0.271	0.228	False	True	IGHV1	IGLV7	Lambda	None	None	None	None	None
6wh9	B	C	0	G	protein	NA	kr1	OXIDOREDUCTASE/IMMUNE SYSTEM	04/07/20	Ketoreductase from module 1 of the 6-deoxyerythronolide B synthase (KR1) in complex with antibody fragment (Fab) 1D10	SACCHAROPOLYSPORA ERYTHRAEA; HOMO SAPIENS	homo sapiens	homo sapiens	saccharopolyspora erythraea	Cogan, D.P., Mathews, I.I., Khosla, C.	2.75	X-RAY DIFFRACTION	0.271	0.228	False	True	IGHV1	IGLV7	Lambda	None	None	None	None	None
5vlp	H	L	0	A	protein	NA	proprotein convertase subtilisin/kexin type 9	HYDROLASE	04/25/17	PCSK9 complex with LDLR antagonist peptide and Fab7G7	HOMO SAPIENS; MUS MUSCULUS; SYNTHETIC CONSTRUCT	mus musculus	mus musculus	homo sapiens	Eigenbrot, C., Ultsch, M.	2.9	X-RAY DIFFRACTION	0.209	0.171	False	True	IGHV1	IGKV6	Kappa	None	None	None	None	None
4qnp	H	L	0	B	protein	NA	neuraminidase	HYDROLASE/IMMUNE SYSTEM	06/18/14	Crystal structure of the 2009 pandemic H1N1 influenza virus neuraminidase with a neutralizing antibody	INFLUENZA A VIRUS; MUS MUSCULUS	mus musculus	mus musculus	influenza a virus	Wan, H.Q., Yang, H., Shore, D.A., Garten, R.J., Couzens, L., Gao, J., Jiang, L.L., Carney, P.J., Villanueva, J., Stevens, J., Eichelberger, M.C.	2.8	X-RAY DIFFRACTION	0.224	0.181	False	True	IGHV10	IGKV4	Kappa	None	None	None	None	None
6e62	H	L	0	P	protein	NA	pf48/45	IMMUNE SYSTEM	07/23/18	Crystal structure of malaria transmission-blocking antigen Pfs48/45 6C in complex with antibody 85RF45.1	PLASMODIUM FALCIPARUM; RATTUS NORVEGICUS	rattus norvegicus	rattus norvegicus	plasmodium falciparum	Kundu, P., Semesi, A., Julien, J.P.	2.7	X-RAY DIFFRACTION	0.276	0.246	False	True	IGHV5	IGLV3	Lambda	None	None	None	None	None
6e62	B	C	0	A	protein	NA	pf48/45	IMMUNE SYSTEM	07/23/18	Crystal structure of malaria transmission-blocking antigen Pfs48/45 6C in complex with antibody 85RF45.1	PLASMODIUM FALCIPARUM; RATTUS NORVEGICUS	rattus norvegicus	rattus norvegicus	plasmodium falciparum	Kundu, P., Semesi, A., Julien, J.P.	2.7	X-RAY DIFFRACTION	0.276	0.246	False	True	IGHV5	IGLV3	Lambda	None	None	None	None	None
6nnf	H	L	0	G	protein	NA	envelope glycoprotein gp120	IMMUNE SYSTEM	01/14/19	Crystal Structure of HIV-1 BG505 SOSIP.664 Prefusion Env Trimer Bound to VRC01 FR3-03 scFv in Complex with Crystallization Chaperones 3H109L Fab and 35O22 scFv at 3.5 Angstrom	HUMAN IMMUNODEFICIENCY VIRUS 1; HOMO SAPIENS	homo sapiens	homo sapiens	human immunodeficiency virus 1	Lai, Y.-T., Kwong, P.D.	2.762	X-RAY DIFFRACTION	0.298	0.242	False	True	IGHV4	unknown	unknown	None	None	None	None	None
6nnf	D	E	0	B	protein	NA	envelope glycoprotein gp41	IMMUNE SYSTEM	01/14/19	Crystal Structure of HIV-1 BG505 SOSIP.664 Prefusion Env Trimer Bound to VRC01 FR3-03 scFv in Complex with Crystallization Chaperones 3H109L Fab and 35O22 scFv at 3.5 Angstrom	HUMAN IMMUNODEFICIENCY VIRUS 1; HOMO SAPIENS	homo sapiens	homo sapiens	human immunodeficiency virus 1	Lai, Y.-T., Kwong, P.D.	2.762	X-RAY DIFFRACTION	0.298	0.242	False	True	unknown	unknown	unknown	None	None	None	None	None
6nnf	U	V	0	G	protein	NA	envelope glycoprotein gp120	IMMUNE SYSTEM	01/14/19	Crystal Structure of HIV-1 BG505 SOSIP.664 Prefusion Env Trimer Bound to VRC01 FR3-03 scFv in Complex with Crystallization Chaperones 3H109L Fab and 35O22 scFv at 3.5 Angstrom	HUMAN IMMUNODEFICIENCY VIRUS 1; HOMO SAPIENS	homo sapiens	homo sapiens	human immunodeficiency virus 1	Lai, Y.-T., Kwong, P.D.	2.762	X-RAY DIFFRACTION	0.298	0.242	False	True	unknown	unknown	unknown	None	None	None	None	None
7yds	B	C	0	A	protein	NA	programmed cell death 1 ligand 1	IMMUNE SYSTEM	07/19/23	The structure of the bispecific antibody targeted PD-L1 and 4-1BB	Homo sapiens	homo sapiens	homo sapiens	homo sapiens	Gao, Y., Zhu, M., Liu, W.T., Cheng, L.S., Zhu, Z.L., Niu, L.W.	2.3	X-RAY DIFFRACTION	0.246	0.194	False	True	IGHV3	IGKV1	Kappa	None	None	None	None	None
1ob1	B	A	0	C	protein	NA	major merozoite surface protein	IMMUNE SYSTEM	01/22/03	Crystal structure of a Fab complex whith  Plasmodium falciparum MSP1-19	PLASMODIUM FALCIPARUM; MUS MUSCULUS	mus musculus	mus musculus	plasmodium falciparum	Pizarro, J.C., Chitarra, V., Verger, D., Holm, I., Petres, S., Dartville, S., Nato, F., Longacre, S., Bentley, G.A.	2.9	X-RAY DIFFRACTION	0.288	0.257	False	False	IGHV9	IGKV4	Kappa	2.00E-10	-12.29	Other	4	12729744
1ob1	E	D	0	F	protein	NA	major merozoite surface protein	IMMUNE SYSTEM	01/22/03	Crystal structure of a Fab complex whith  Plasmodium falciparum MSP1-19	PLASMODIUM FALCIPARUM; MUS MUSCULUS	mus musculus	mus musculus	plasmodium falciparum	Pizarro, J.C., Chitarra, V., Verger, D., Holm, I., Petres, S., Dartville, S., Nato, F., Longacre, S., Bentley, G.A.	2.9	X-RAY DIFFRACTION	0.288	0.257	False	False	IGHV9	IGKV4	Kappa	2.00E-10	-12.29	Other	4	12729744
7lfb	H	L	0	X	protein	NA	apolipoprotein l1	IMMUNE SYSTEM	01/16/21	Fab 7D6 bound to ApoL1 NTD	HOMO SAPIENS	homo sapiens	homo sapiens	homo sapiens	Ultsch, M., Kirchhofer, D.	1.913	X-RAY DIFFRACTION	0.197	0.168	False	True	IGHV9	IGKV12	Kappa	None	None	None	None	None
5f9o	H	L	0	G	protein	NA	clade a/e 93th057 hiv-1 gp120 core	IMMUNE SYSTEM	12/10/15	Crystal structure of broadly neutralizing VH1-46 germline-derived CD4-binding site-directed antibody CH235.09 in complex with HIV-1 clade A/E 93TH057 gp120	HUMAN IMMUNODEFICIENCY VIRUS 1; HOMO SAPIENS	homo sapiens	homo sapiens	human immunodeficiency virus 1	Joyce, M.G., Mascola, J.R., Kwong, P.D.	1.86	X-RAY DIFFRACTION	0.221	0.204	False	True	IGHV1	IGKV3	Kappa	None	None	None	None	None
4rwy	H	L	0	A	protein	NA	hiv-1 yu2 gp120	VIRAL PROTEIN/IMMUNE SYSTEM	12/08/14	Crystal structure of VH1-46 germline-derived CD4-binding site-directed antibody 8ANC131 in complex with HIV-1 clade B YU2 gp120	HUMAN IMMUNODEFICIENCY VIRUS 1; HOMO SAPIENS	homo sapiens	homo sapiens	human immunodeficiency virus 1	Acharya, P., Luongo, T.S., Kwong, P.D.	2.128	X-RAY DIFFRACTION	0.254	0.219	False	True	unknown	IGKV3	Kappa	None	None	None	None	None
1nfd	H	G	0	D	protein	NA	n15 alpha-beta t-cell receptor	COMPLEX (IMMUNORECEPTOR/IMMUNOGLOBULIN)	08/04/97	AN ALPHA-BETA T CELL RECEPTOR (TCR) HETERODIMER IN COMPLEX WITH AN ANTI-TCR FAB FRAGMENT DERIVED FROM A MITOGENIC ANTIBODY	MUS MUSCULUS	mus musculus	mus musculus	mus musculus	Wang, J.-H., Lim, K., Smolyar, A., Teng, M.-K., Sacchittini, J., Reinherz, E.L.	2.8	X-RAY DIFFRACTION	0.309	0.243	False	True	IGHV3	IGLV2	Lambda	None	None	None	None	None
1nfd	F	E	0	B	protein	NA	n15 alpha-beta t-cell receptor	COMPLEX (IMMUNORECEPTOR/IMMUNOGLOBULIN)	08/04/97	AN ALPHA-BETA T CELL RECEPTOR (TCR) HETERODIMER IN COMPLEX WITH AN ANTI-TCR FAB FRAGMENT DERIVED FROM A MITOGENIC ANTIBODY	MUS MUSCULUS	mus musculus	mus musculus	mus musculus	Wang, J.-H., Lim, K., Smolyar, A., Teng, M.-K., Sacchittini, J., Reinherz, E.L.	2.8	X-RAY DIFFRACTION	0.309	0.243	False	True	IGHV3	IGLV2	Lambda	None	None	None	None	None
5l0q	C	B	0	A	protein	NA	disintegrin and metalloproteinase domain-containing protein10 	HYDROLASE/IMMUNE SYSTEM	07/28/16	Crystal structure of the complex between ADAM10 D+C domain and a conformation specific mAb 8C7.	HOMO SAPIENS; BOS TAURUS	homo sapiens	homo sapiens	bos taurus	Xu, K., Saha, N., Nikolov, D.B.	2.759	X-RAY DIFFRACTION	0.251	0.203	False	True	IGHV1	IGKV5	Kappa	None	None	None	None	None
5l0q	F	E	0	D	protein	NA	disintegrin and metalloproteinase domain-containing protein10 	HYDROLASE/IMMUNE SYSTEM	07/28/16	Crystal structure of the complex between ADAM10 D+C domain and a conformation specific mAb 8C7.	HOMO SAPIENS; BOS TAURUS	homo sapiens	homo sapiens	bos taurus	Xu, K., Saha, N., Nikolov, D.B.	2.759	X-RAY DIFFRACTION	0.251	0.203	False	True	IGHV1	IGKV5	Kappa	None	None	None	None	None
6bck	H	L	0	G	protein	NA	clade a/e 93th057 hiv-1 gp120 core	VIRAL PROTEIN/IMMUNE SYSTEM	10/20/17	Crystal Structure of Broadly Neutralizing Antibody N49P7 in Complex with HIV-1 Clade AE strain 93TH057 gp120 core.	HUMAN IMMUNODEFICIENCY VIRUS 1; HOMO SAPIENS	homo sapiens	homo sapiens	human immunodeficiency virus 1	Tolbert, W.D., Gohain, N., Pazgier, M.	2.7	X-RAY DIFFRACTION	0.285	0.225	False	True	unknown	IGLV2	Lambda	None	None	None	None	None
4rgn	B	C	0	A	protein	NA	enterotoxin type b	TOXIN/IMMUNE SYSTEM	09/30/14	Structure of Staphylococcal Enterotoxin B bound to two neutralizing antibodies, 14G8 and 6D3	STAPHYLOCOCCUS AUREUS; MUS MUSCULUS	mus musculus	mus musculus	staphylococcus aureus	Franklin, M.C., Dutta, K., Varshney, A.K., Goger, M.J., Fries, B.C.	2.698	X-RAY DIFFRACTION	0.278	0.240	False	False	IGHV5	IGKV5	Kappa	None	None	None	None	None
4rgn	D	E	0	A	protein	NA	enterotoxin type b	TOXIN/IMMUNE SYSTEM	09/30/14	Structure of Staphylococcal Enterotoxin B bound to two neutralizing antibodies, 14G8 and 6D3	STAPHYLOCOCCUS AUREUS; MUS MUSCULUS	mus musculus	mus musculus	staphylococcus aureus	Franklin, M.C., Dutta, K., Varshney, A.K., Goger, M.J., Fries, B.C.	2.698	X-RAY DIFFRACTION	0.278	0.240	False	False	IGHV1	IGKV8	Kappa	None	None	None	None	None
4rgn	H	L	0	S	protein	NA	enterotoxin type b	TOXIN/IMMUNE SYSTEM	09/30/14	Structure of Staphylococcal Enterotoxin B bound to two neutralizing antibodies, 14G8 and 6D3	STAPHYLOCOCCUS AUREUS; MUS MUSCULUS	mus musculus	mus musculus	staphylococcus aureus	Franklin, M.C., Dutta, K., Varshney, A.K., Goger, M.J., Fries, B.C.	2.698	X-RAY DIFFRACTION	0.278	0.240	False	False	IGHV5	IGKV5	Kappa	None	None	None	None	None
4rgn	F	G	0	S	protein	NA	enterotoxin type b	TOXIN/IMMUNE SYSTEM	09/30/14	Structure of Staphylococcal Enterotoxin B bound to two neutralizing antibodies, 14G8 and 6D3	STAPHYLOCOCCUS AUREUS; MUS MUSCULUS	mus musculus	mus musculus	staphylococcus aureus	Franklin, M.C., Dutta, K., Varshney, A.K., Goger, M.J., Fries, B.C.	2.698	X-RAY DIFFRACTION	0.278	0.240	False	False	IGHV1	IGKV8	Kappa	None	None	None	None	None
4i3r	H	L	0	G	protein	NA	outer domain of hiv-1 gp120 (ker2018 od4.2.2)	Viral Protein/Immune System	11/26/12	Crystal structure of the outer domain of HIV-1 gp120 in complex with VRC-PG04 space group P3221	HUMAN IMMUNODEFICIENCY VIRUS; HOMO SAPIENS	homo sapiens	homo sapiens	human immunodeficiency virus	Joyce, M.G., Biertumpfel, C., Nabel, G.J., Kwong, P.D.	3.0	X-RAY DIFFRACTION	0.245	0.183	False	True	unknown	unknown	unknown	None	None	None	None	None
7sx7	H	L	0	G	protein	NA	clade a/e 93th057 hiv-1 gp120 core	IMMUNE SYSTEM/VIRAL PROTEIN	11/30/22	Crystal structure of broadly neutralizing antibody N49P9.3-FR3-3 Fab in complex with HIV-1 Clade A/E strain 93TH057 gp120 core	Homo; Homo sapiens; Human immunodeficiency virus 1	homo	homo sapiens	human immunodeficiency virus 1	Tolbert, W.D., Pazgier, M.	2.15	X-RAY DIFFRACTION	0.266	0.209	False	True	unknown	unknown	unknown	None	None	None	None	None
7sx7	B	C	0	A	protein	NA	clade a/e 93th057 hiv-1 gp120 core	IMMUNE SYSTEM/VIRAL PROTEIN	11/30/22	Crystal structure of broadly neutralizing antibody N49P9.3-FR3-3 Fab in complex with HIV-1 Clade A/E strain 93TH057 gp120 core	Homo; Homo sapiens; Human immunodeficiency virus 1	homo	homo sapiens	human immunodeficiency virus 1	Tolbert, W.D., Pazgier, M.	2.15	X-RAY DIFFRACTION	0.266	0.209	False	True	unknown	unknown	unknown	None	None	None	None	None
4ydl	B	C	0	A	protein	NA	envelope glycoprotein gp160,envelope glycoprotein gp160	IMMUNE SYSTEM	02/22/15	Crystal structure of broadly and potently neutralizing antibody C38-VRC18.02 in complex with HIV-1 clade AE strain 93TH057gp120	HUMAN IMMUNODEFICIENCY VIRUS 1; HOMO SAPIENS	homo sapiens	homo sapiens	human immunodeficiency virus 1	Zhou, T., Srivatsan, S., Kwong, P.D.	1.8	X-RAY DIFFRACTION	0.207	0.174	False	True	unknown	IGKV3	Kappa	None	None	None	None	None
4ydl	H	L	0	G	protein	NA	envelope glycoprotein gp160,envelope glycoprotein gp160	IMMUNE SYSTEM	02/22/15	Crystal structure of broadly and potently neutralizing antibody C38-VRC18.02 in complex with HIV-1 clade AE strain 93TH057gp120	HUMAN IMMUNODEFICIENCY VIRUS 1; HOMO SAPIENS	homo sapiens	homo sapiens	human immunodeficiency virus 1	Zhou, T., Srivatsan, S., Kwong, P.D.	1.8	X-RAY DIFFRACTION	0.207	0.174	False	True	unknown	IGKV3	Kappa	None	None	None	None	None
4j6r	H	L	0	G	protein	NA	envelope glycoprotein gp160	viral protein/immune system	02/11/13	Crystal structure of broadly and potently neutralizing antibody VRC23 in complex with HIV-1 gp120	HUMAN IMMUNODEFICIENCY VIRUS 1; HOMO SAPIENS	homo sapiens	homo sapiens	human immunodeficiency virus 1	Zhou, T., Moquin, S., Kwong P.D.	1.64	X-RAY DIFFRACTION	0.198	0.164	False	True	unknown	IGKV3	Kappa	None	None	None	None	None
7s13	I	M	0	C	protein	NA	t-cell surface protein tactile	IMMUNE SYSTEM	08/31/21	Crystal structure of Fab in complex with mouse CD96 dimer	RATTUS; MUS MUSCULUS	rattus	rattus	mus musculus	Lee, P.S., Barman, I., Strop, P.	2.12	X-RAY DIFFRACTION	0.265	0.217	False	True	IGHV2	IGLV3	Lambda	None	None	None	None	None
7s13	H	L	0	D	protein	NA	t-cell surface protein tactile	IMMUNE SYSTEM	08/31/21	Crystal structure of Fab in complex with mouse CD96 dimer	RATTUS; MUS MUSCULUS	rattus	rattus	mus musculus	Lee, P.S., Barman, I., Strop, P.	2.12	X-RAY DIFFRACTION	0.265	0.217	False	True	IGHV2	IGLV3	Lambda	None	None	None	None	None
4lsu	H	L	0	G	protein	NA	hiv-1 clade a/e strain 93th057 gp120	viral protein/immune system	07/23/13	Crystal structure of broadly and potently neutralizing antibody VRC-PG20 in complex with HIV-1 clade A/E 93TH057 gp120	HUMAN IMMUNODEFICIENCY VIRUS 1; HOMO SAPIENS	homo sapiens	homo sapiens	human immunodeficiency virus 1	Zhou, T., Moquin, S., Kwong, P.D.	2.3	X-RAY DIFFRACTION	0.234	0.179	False	True	IGHV1	IGLV2	Lambda	None	None	None	None	None
5yy5	H	L	0	A	protein	NA	mers-cov rbd	VIRAL PROTEIN	12/08/17	Structural definition of a unique neutralization epitope on the receptor-binding domain of MERS-CoV spike glycoprotein	MIDDLE EAST RESPIRATORY SYNDROME CORONAVIRUS; HOMO SAPIENS	homo sapiens	homo sapiens	middle east respiratory syndrome coronavirus	Zhang, S.Y., Wang, P.F., Zhou, P.P., Wang, X.Q., Zhang, L.Q.	2.8	X-RAY DIFFRACTION	0.279	0.246	False	True	IGHV3	IGLV1	Lambda	None	None	None	None	None
5yy5	C	D	0	B	protein	NA	mers-cov rbd	VIRAL PROTEIN	12/08/17	Structural definition of a unique neutralization epitope on the receptor-binding domain of MERS-CoV spike glycoprotein	MIDDLE EAST RESPIRATORY SYNDROME CORONAVIRUS; HOMO SAPIENS	homo sapiens	homo sapiens	middle east respiratory syndrome coronavirus	Zhang, S.Y., Wang, P.F., Zhou, P.P., Wang, X.Q., Zhang, L.Q.	2.8	X-RAY DIFFRACTION	0.279	0.246	False	True	IGHV3	IGLV1	Lambda	None	None	None	None	None
